x = [0,100,200,300,400,500]
y = [45,230,650,771,816,840]